0.177
0.148
0.155
0.163
0.155
0.152
0.157
0.163
0.174
0.186
0.198
0.213
0.243
0.107
0.191
0.171
0.176
0.168
0.164
0.161
0.17
0.18
0.189
0.202
0.217
0.247
0.115
0.129
0.205
0.19
0.182
0.179
0.174
0.172
0.185
0.194
0.209
0.224
0.253
0.12
0.135
0.151
0.226
0.196
0.194
0.19
0.189
0.189
0.2
0.214
0.23
0.258
0.112
0.129
0.144
0.158
0.245
0.207
0.206
0.203
0.203
0.205
0.219
0.236
0.254
0.108
0.123
0.139
0.155
0.17
0.268
0.22
0.22
0.222
0.224
0.225
0.246
0.267
0.115
0.12
0.135
0.151
0.168
0.183
0.294
0.235
0.239
0.242
0.242
0.252
0.273
0.122
0.127
0.132
0.147
0.166
0.183
0.201
0.326
0.26
0.26
0.266
0.273
0.283
0.132
0.137
0.143
0.149
0.165
0.183
0.204
0.225
0.363
0.287
0.289
0.298
0.31
0.141
0.147
0.152
0.159
0.165
0.183
0.203
0.225
0.254
0.403
0.302
0.31
0.32
0.155
0.16
0.167
0.173
0.179
0.186
0.204
0.226
0.256
0.27
0.447
0.326
0.336
0.171
0.176
0.18
0.19
0.196
0.204
0.213
0.235
0.264
0.277
0.292
0.499
0.353
0.199
0.205
0.211
0.221
0.215
0.225
0.233
0.245
0.275
0.288
0.304
0.324
0.559
